----------------------------------------------------------------------------
| 60 | 59 | 58 | 57 | 56 | 55 | 54 | 53 | 52 | 51 | 50 | 49 | 48 | 47 | 46 |
| 29 | 3a | 3b | 3c | 3d | 3e | 3f | 40 | 41 | 42 | 43 | 44 | 45 | 49 | 4c |
----------------------------------------------------------------------------
|  45  | 44 | 43 | 42 | 41 | 40 | 39 | 38 | 37 | 36 | 35 | 34 | 33 |  32   |
|  39  | 14 | 1a | 08 | 15 | 17 | 1c | 18 | 46 | 47 | 48 | 52 | 30 |  2a   |
----------------------------------------------------------------------------
|  31   | 30 | 29 | 28 | 27 | 26 | 25 | 24 | 23 | 22 | 21 | 20 |    19     |
|  e0   | 81 | 80 | 7f | 09 | 0a | 0b | 0d | 4a | 4b | 50 | 4f |    28     |
----------------------------------------------------------------------------
|   18     | 17 | 16 | 15 | 14 | 13 | 12 | 11 | 10 | 09 | 08 |   07   | 06 |
|   e1     | 1d | 1b | 06 | 19 | 05 | 11 | 10 | 4d | 4e | 51 |   e5   | 01 |
----------------------------------------------------------------------------
        | 05 |  04   |               03               |  02   | 01 |
        | e2 |  e3   |               2c               |  78   | e6 |
        ------------------------------------------------------------

