----------------------------------------------------------------------------
| 60 | 59 | 58 | 57 | 56 | 55 | 54 | 53 | 52 | 51 | 50 | 49 | 48 | 47 | 46 |
| 29 | 1e | 1f | 20 | 21 | 22 | 23 | 24 | 25 | 26 | 27 | 2d | 2e | 31 | 35 |
----------------------------------------------------------------------------
|  45  | 44 | 43 | 42 | 41 | 40 | 39 | 38 | 37 | 36 | 35 | 34 | 33 |  32   |
|  2b  | 14 | 1a | 08 | 15 | 17 | 1c | 18 | 0c | 12 | 13 | 2f | 30 |  2a   |
----------------------------------------------------------------------------
|  31   | 30 | 29 | 28 | 27 | 26 | 25 | 24 | 23 | 22 | 21 | 20 |    19     |
|  e0   | 04 | 16 | 07 | 09 | 0a | 0b | 0d | 0e | 0f | 33 | 34 |    28     |
----------------------------------------------------------------------------
|   18     | 17 | 16 | 15 | 14 | 13 | 12 | 11 | 10 | 09 | 08 |   07   | 06 |
|   e1     | 1d | 1b | 06 | 19 | 05 | 11 | 10 | 36 | 37 | 38 |   e5   | 01 |
----------------------------------------------------------------------------
        | 05 |  04   |               03               |  02   | 01 |
        | e2 |  8b   |               2c               |  8a   | e6 |
        ------------------------------------------------------------

